0712.2198
1406.0715
1509.08920
1512.05288
1601.05438
1602.05963
1602.06116
1602.07465
1602.08496
1603.02196
1603.05712
1603.07247
1603.08008
1603.08010
1603.09008
1604.03180
1604.06241
1604.07424
1605.02473
1605.06575
1606.02294
1607.03963
1607.05111
1608.01421
1608.08772
1609.08614
1610.04251
1610.04992
1611.00015
1612.07774
1703.06682
1704.02444
1706.04175
1706.05348
1706.06609
1709.00418
1710.01804
1710.08295
1712.04950
1712.06547
1804.06859
1804.11281
1805.03651
1805.05355
1806.06867
1808.01248
1809.02594
1810.00013
1901.07115
1902.10103
1905.09286
1909.09673
1909.11090
1911.03676
2003.08901
2004.00037
2004.01198
2004.14192
2005.05326
2005.12280
2007.10339
2008.11242
2010.02234
2010.13791
2102.05601
2104.05799
2104.10264
2105.01065
2106.08369
2107.06296
2108.09868
2109.03758
2109.13307
2110.13117
2111.00305
2111.03831
2202.01693
2203.07642
2207.11823
2303.02355
2303.13339
2304.00576
2304.12366
2306.12847
2307.00378
2308.13765
2310.20614
2401.17977
2402.00266
2403.09555
2404.11594
2405.15139
2410.18170
2501.17129
2503.00636
2503.07146
2504.05473
2504.17288
2505.15806
2505.16317
2505.24093
2506.02144
2506.12854
2507.22297
2508.02162
2508.10119
2508.14156
2509.25428
2602.00802
2604.12787
2604.19413
2604.25990
2605.17098
2606.00612
2606.25190
